# Cycle: 2938, status: ACC, move: ('wf', 9000, 2, 24)
#     Time      Potential        Kinetic
         0 -290001.477614    3206.571368            nan            nan
         1 -289960.824286    3165.933798            nan            nan
         2 -289923.926189    3129.127775            nan            nan
         3 -289828.477753    3033.999465            nan            nan
         4 -289796.269914    3001.737749            nan            nan
         5 -289815.990850    3021.369779            nan            nan
         6 -289812.131716    3017.316025            nan            nan
         7 -289913.535734    3118.313299            nan            nan
         8 -289807.831256    3012.955691            nan            nan
         9 -289762.380321    2967.900945            nan            nan
        10 -289762.830412    2968.262455            nan            nan
        11 -289808.094201    3013.809283            nan            nan
        12 -289851.396206    3056.711509            nan            nan
        13 -289794.347066    2999.739787            nan            nan
        14 -289817.621928    3023.142274            nan            nan
        15 -289754.101963    2959.973830            nan            nan
        16 -289734.926188    2940.898166            nan            nan
        17 -289747.999706    2953.962238            nan            nan
        18 -289905.510768    3111.239551            nan            nan
        19 -289894.620572    3100.288637            nan            nan
        20 -289858.648851    3064.163534            nan            nan
        21 -289900.948353    3106.292146            nan            nan
        22 -289811.552506    3017.010357            nan            nan
        23 -289789.808088    2995.563621            nan            nan
