# Cycle: 2858, status: ACC, move: ('wf', 9000, 2, 30)
#     Time       Orderp
         0     0.302912
         1     0.311420
         2     0.320660
         3     0.326748
         4     0.329814
         5     0.333500
         6     0.335366
         7     0.331998
         8     0.325124
         9     0.321742
        10     0.321661
        11     0.319725
        12     0.318447
        13     0.317419
        14     0.321352
        15     0.326562
        16     0.332434
        17     0.334378
        18     0.338936
        19     0.343719
        20     0.345267
        21     0.344877
        22     0.342208
        23     0.340960
        24     0.337604
        25     0.331056
        26     0.324210
        27     0.317504
        28     0.311531
        29     0.307210
