# Cycle: 2858, status: ACC
#     Step              Filename       index    vel
         0  004_778154_1771_trajB.rkf          17     -1
         1  004_778154_1771_trajB.rkf          16     -1
         2  004_778154_1771_trajB.rkf          15     -1
         3  004_778154_1771_trajB.rkf          14     -1
         4  004_778154_1771_trajB.rkf          13     -1
         5  004_778154_1771_trajB.rkf          12     -1
         6  004_778154_1771_trajB.rkf          11     -1
         7  004_778154_1771_trajB.rkf          10     -1
         8  004_778154_1771_trajB.rkf           9     -1
         9  004_778154_1771_trajB.rkf           8     -1
        10  004_778154_1771_trajB.rkf           7     -1
        11  004_778154_1771_trajB.rkf           6     -1
        12  004_778154_1771_trajB.rkf           5     -1
        13  004_778154_1771_trajB.rkf           4     -1
        14  004_778154_1771_trajB.rkf           3     -1
        15  004_778154_1771_trajB.rkf           2     -1
        16  004_778154_1771_trajB.rkf           1     -1
        17  004_778154_1771_trajB.rkf           0     -1
        18  004_778154_1769_trajB.rkf           2     -1
        19  004_778154_1769_trajB.rkf           1     -1
        20  004_778154_1769_trajB.rkf           0     -1
        21  004_778154_1770_trajF.rkf           1      1
        22  004_778154_1770_trajF.rkf           2      1
        23  004_778154_1770_trajF.rkf           3      1
        24  004_778154_1770_trajF.rkf           4      1
        25  004_778154_1772_trajF.rkf           0      1
        26  004_778154_1772_trajF.rkf           1      1
        27  004_778154_1772_trajF.rkf           2      1
        28  004_778154_1772_trajF.rkf           3      1
        29  004_778154_1772_trajF.rkf           4      1
