# Cycle: 2572, status: ACC, move: ('sh', 0.3119028181984237, 1, 18)
#     Time      Potential        Kinetic
         0 -289784.194659    2908.477604            nan            nan
         1 -289898.745857    3022.885359            nan            nan
         2 -289858.442272    2982.730202            nan            nan
         3 -289730.570373    2854.870380            nan            nan
         4 -289799.696115    2924.186906            nan            nan
         5 -289868.503497    2992.860041            nan            nan
         6 -289966.247654    3090.736807            nan            nan
         7 -289943.353127    3067.923189            nan            nan
         8 -289904.698997    3028.847035            nan            nan
         9 -289805.817130    2929.933334            nan            nan
        10 -289794.637822    2919.033903            nan            nan
        11 -289888.313797    3012.654151            nan            nan
        12 -289930.939089    3055.021347            nan            nan
        13 -289887.138167    3011.104852            nan            nan
        14 -289850.500954    2974.642890            nan            nan
        15 -289867.979154    2992.170815            nan            nan
        16 -289818.305136    2942.436388            nan            nan
        17 -289872.444711    2996.437228            nan            nan
        18 -289899.221588    3023.142274            nan            nan
        19 -289828.647289    2952.665140            nan            nan
        20 -289838.868569    2962.772574            nan            nan
