# Cycle: 2811, status: ACC, move: ('wf', 9000, 2, 18)
#     Time      Potential        Kinetic
         0 -289668.926721    2918.699660            nan            nan
         1 -289743.586134    2993.026848            nan            nan
         2 -289718.219927    2967.474123            nan            nan
         3 -289767.808805    3017.023789            nan            nan
         4 -289876.139059    3125.228574            nan            nan
         5 -289759.985651    3009.162899            nan            nan
         6 -289769.548685    3018.716291            nan            nan
         7 -289830.361044    3079.298854            nan            nan
         8 -289774.463987    3023.142274            nan            nan
         9 -289853.883394    3102.637951            nan            nan
        10 -289841.992210    3090.947862            nan            nan
        11 -289841.210529    3089.973420            nan            nan
        12 -289857.600945    3106.321894            nan            nan
        13 -289896.614451    3145.422827            nan            nan
        14 -289866.695072    3115.566157            nan            nan
        15 -289822.627251    3071.656265            nan            nan
        16 -289883.433204    3132.558485            nan            nan
        17 -289816.216836    3065.208524            nan            nan
