# Cycle: 2811, status: ACC, move: ('wf', 9000, 2, 18)
#     Time       Orderp
         0     0.300419
         1     0.311569
         2     0.323876
         3     0.336186
         4     0.345316
         5     0.350607
         6     0.354715
         7     0.358350
         8     0.359841
         9     0.358615
        10     0.354529
        11     0.348296
        12     0.341858
        13     0.337081
        14     0.331169
        15     0.323621
        16     0.312487
        17     0.302528
