# Cycle: 2876, status: ACC, move: ('wf', 9000, 2, 304)
#     Time      Potential        Kinetic
         0 -289666.576090    2894.009482            nan            nan
         1 -289710.223944    2937.859787            nan            nan
         2 -289768.230767    2995.540296            nan            nan
         3 -289778.739809    3005.936213            nan            nan
         4 -289768.841667    2996.027074            nan            nan
         5 -289734.662932    2961.789983            nan            nan
         6 -289866.537121    3093.290935            nan            nan
         7 -289875.382023    3102.171443            nan            nan
         8 -289781.047801    3008.295044            nan            nan
         9 -289776.391329    3003.569553            nan            nan
        10 -289662.675272    2890.215439            nan            nan
        11 -289745.175160    2972.564980            nan            nan
        12 -289693.504365    2920.923678            nan            nan
        13 -289655.779353    2883.191061            nan            nan
        14 -289798.586097    3025.697396            nan            nan
        15 -289736.854428    2963.842378            nan            nan
        16 -289722.658972    2949.756099            nan            nan
        17 -289753.524539    2980.859364            nan            nan
        18 -289844.144337    3071.411892            nan            nan
        19 -289739.159462    2966.416475            nan            nan
        20 -289730.696743    2958.031802            nan            nan
        21 -289709.401830    2936.418369            nan            nan
        22 -289733.334159    2960.386208            nan            nan
        23 -289769.375731    2996.169307            nan            nan
        24 -289822.710293    3049.624696            nan            nan
        25 -289816.183159    3043.240011            nan            nan
        26 -289830.663586    3057.665428            nan            nan
        27 -289802.705803    3029.660356            nan            nan
        28 -289841.274301    3068.148243            nan            nan
        29 -289899.928368    3127.081383            nan            nan
        30 -289878.783617    3105.799150            nan            nan
        31 -289931.595922    3158.070648            nan            nan
        32 -289862.742779    3089.509140            nan            nan
        33 -289862.813176    3089.374114            nan            nan
        34 -289951.221957    3177.679006            nan            nan
        35 -289940.040851    3166.393838            nan            nan
        36 -289784.802003    3011.290556            nan            nan
        37 -289941.170517    3167.588474            nan            nan
        38 -289837.451567    3064.121635            nan            nan
        39 -289732.518183    2959.326917            nan            nan
        40 -289834.731066    3061.819355            nan            nan
        41 -289728.326867    2955.308767            nan            nan
        42 -289818.363751    3045.196136            nan            nan
        43 -289804.729488    3031.438484            nan            nan
        44 -289783.097214    3009.872128            nan            nan
        45 -289745.611044    2972.235684            nan            nan
        46 -289711.769727    2938.529657            nan            nan
        47 -289878.605066    3105.124120            nan            nan
        48 -289903.919808    3130.535542            nan            nan
        49 -289834.228071    3060.884042            nan            nan
        50 -289756.806981    2983.653538            nan            nan
        51 -289747.567958    2974.392437            nan            nan
        52 -289772.072796    2998.819230            nan            nan
        53 -289778.658968    3005.317124            nan            nan
        54 -289879.480061    3106.148497            nan            nan
        55 -289771.410490    2998.260340            nan            nan
        56 -289742.060264    2969.033163            nan            nan
        57 -289806.622646    3033.096296            nan            nan
        58 -289807.152068    3033.871512            nan            nan
        59 -289787.110639    3013.778017            nan            nan
        60 -289846.748260    3073.234705            nan            nan
        61 -289758.615157    2985.377096            nan            nan
        62 -289710.943480    2937.710654            nan            nan
        63 -289771.569461    2998.431912            nan            nan
        64 -289807.508602    3034.065452            nan            nan
        65 -289836.513064    3063.385265            nan            nan
        66 -289788.403896    3015.512262            nan            nan
        67 -289739.613186    2966.565080            nan            nan
        68 -289703.999399    2931.020921            nan            nan
        69 -289735.037796    2962.381730            nan            nan
        70 -289770.465293    2997.965193            nan            nan
        71 -289690.152900    2917.868193            nan            nan
        72 -289702.074261    2929.896326            nan            nan
        73 -289754.709350    2982.378606            nan            nan
        74 -289715.757131    2943.528609            nan            nan
        75 -289834.349304    3062.250968            nan            nan
        76 -289789.192812    3017.281183            nan            nan
        77 -289654.345805    2882.481915            nan            nan
        78 -289839.335284    3066.815101            nan            nan
        79 -289801.356196    3028.626843            nan            nan
        80 -289855.710349    3082.756303            nan            nan
        81 -289834.317078    3061.401744            nan            nan
        82 -289771.488548    2998.506160            nan            nan
        83 -289748.653943    2975.782452            nan            nan
        84 -289804.072182    3031.440620            nan            nan
        85 -289761.544640    2989.060508            nan            nan
        86 -289750.229465    2977.767174            nan            nan
        87 -289842.482097    3069.828051            nan            nan
        88 -289717.363679    2944.536900            nan            nan
        89 -289902.280776    3129.483263            nan            nan
        90 -289916.878743    3143.725163            nan            nan
        91 -289818.649991    3045.617791            nan            nan
        92 -289760.484236    2987.440148            nan            nan
        93 -289865.715256    3092.689226            nan            nan
        94 -289791.140171    3018.009153            nan            nan
        95 -289723.996953    2951.188193            nan            nan
        96 -289833.792437    3060.687547            nan            nan
        97 -289914.443170    3141.050894            nan            nan
        98 -289805.179784    3032.160703            nan            nan
        99 -289877.737922    3104.538131            nan            nan
       100 -289966.098803    3193.151575            nan            nan
       101 -289913.262955    3139.905552            nan            nan
       102 -289789.664649    3016.315372            nan            nan
       103 -289721.889900    2949.127514            nan            nan
       104 -289725.259084    2952.716385            nan            nan
       105 -289692.479773    2919.580902            nan            nan
       106 -289751.580851    2978.467709            nan            nan
       107 -289813.638041    3040.405908            nan            nan
       108 -289845.590313    3072.325930            nan            nan
       109 -289954.364859    3181.143163            nan            nan
       110 -289805.779831    3032.589853            nan            nan
       111 -289764.082123    2990.827222            nan            nan
       112 -289815.923964    3042.502732            nan            nan
       113 -289848.890163    3075.286514            nan            nan
       114 -289819.874966    3046.292250            nan            nan
       115 -289831.350900    3057.941623            nan            nan
       116 -289861.399794    3088.037816            nan            nan
       117 -289724.994384    2952.077619            nan            nan
       118 -289735.745095    2962.764360            nan            nan
       119 -289917.640485    3144.450194            nan            nan
       120 -289744.393901    2971.421912            nan            nan
       121 -289787.565178    3014.603485            nan            nan
       122 -289773.832806    3001.057421            nan            nan
       123 -289776.432338    3003.526177            nan            nan
       124 -289808.652835    3035.765563            nan            nan
       125 -289809.102872    3036.285595            nan            nan
       126 -289762.408079    2989.704153            nan            nan
       127 -289678.521421    2905.877449            nan            nan
       128 -289827.032852    3054.025037            nan            nan
       129 -289852.712231    3080.054685            nan            nan
       130 -289728.780978    2955.799422            nan            nan
       131 -289837.614338    3064.377389            nan            nan
       132 -289866.418200    3093.141491            nan            nan
       133 -289785.930516    3012.961709            nan            nan
       134 -289755.727309    2983.090818            nan            nan
       135 -289656.459135    2883.717077            nan            nan
       136 -289681.454296    2908.829101            nan            nan
       137 -289803.891606    3030.878138            nan            nan
       138 -289873.354227    3100.341891            nan            nan
       139 -289734.460095    2961.512017            nan            nan
       140 -289882.310807    3108.983255            nan            nan
       141 -289842.965990    3069.742707            nan            nan
       142 -289745.330104    2972.322341            nan            nan
       143 -289895.515729    3122.261805            nan            nan
       144 -289802.095897    3028.608577            nan            nan
       145 -289807.190004    3033.563705            nan            nan
       146 -289894.797804    3121.207072            nan            nan
       147 -289823.898152    3050.548857            nan            nan
       148 -289735.378942    2962.237133            nan            nan
       149 -289808.636885    3035.321789            nan            nan
       150 -289832.048950    3058.889771            nan            nan
       151 -289799.756575    3026.491602            nan            nan
       152 -289819.397310    3045.963681            nan            nan
       153 -289857.213217    3083.831926            nan            nan
       154 -289913.445388    3139.827434            nan            nan
       155 -289755.307731    2981.772532            nan            nan
       156 -289715.769076    2942.442979            nan            nan
       157 -289827.219014    3053.690559            nan            nan
       158 -289830.382098    3057.107439            nan            nan
       159 -289834.336600    3061.091101            nan            nan
       160 -289904.785879    3131.338556            nan            nan
       161 -289791.624675    3018.216782            nan            nan
       162 -289742.783121    2969.667532            nan            nan
       163 -289736.557878    2963.631533            nan            nan
       164 -289828.158569    3054.895444            nan            nan
       165 -289870.788802    3097.531687            nan            nan
       166 -289873.477277    3100.297690            nan            nan
       167 -289796.207049    3023.142274            nan            nan
       168 -289750.780360    2977.451244            nan            nan
       169 -289863.399063    3090.027507            nan            nan
       170 -289845.104400    3071.601034            nan            nan
       171 -289878.481017    3104.882487            nan            nan
       172 -289854.214832    3080.576047            nan            nan
       173 -289891.020119    3117.483833            nan            nan
       174 -289875.532614    3102.153473            nan            nan
       175 -289738.745153    2965.760968            nan            nan
       176 -289660.487812    2887.420150            nan            nan
       177 -289710.498051    2937.319121            nan            nan
       178 -289825.975478    3052.654771            nan            nan
       179 -289851.930486    3078.468672            nan            nan
       180 -289811.157694    3037.997712            nan            nan
       181 -289779.521275    3006.199734            nan            nan
       182 -289876.602546    3103.086577            nan            nan
       183 -289765.204584    2991.863620            nan            nan
       184 -289712.063172    2938.847173            nan            nan
       185 -289783.921681    3010.791206            nan            nan
       186 -289676.977126    2903.887826            nan            nan
       187 -289760.026974    2986.692655            nan            nan
       188 -289745.127747    2971.890404            nan            nan
       189 -289754.335197    2981.105596            nan            nan
       190 -289899.237836    3125.664379            nan            nan
       191 -289944.708872    3171.026597            nan            nan
       192 -289893.245544    3119.785404            nan            nan
       193 -289861.120648    3087.944690            nan            nan
       194 -289837.688236    3064.559378            nan            nan
       195 -289743.765823    2970.691116            nan            nan
       196 -289751.260197    2978.202980            nan            nan
       197 -289846.961426    3073.805496            nan            nan
       198 -289781.651642    3008.695270            nan            nan
       199 -289637.643808    2864.768695            nan            nan
       200 -289726.923681    2954.077227            nan            nan
       201 -289663.137689    2890.135485            nan            nan
       202 -289755.701285    2982.575949            nan            nan
       203 -289817.107700    3043.898234            nan            nan
       204 -289782.266523    3009.157054            nan            nan
       205 -289862.354635    3089.219403            nan            nan
       206 -289931.171908    3157.880035            nan            nan
       207 -289789.545324    3016.326155            nan            nan
       208 -289739.652435    2966.431634            nan            nan
       209 -289772.493410    2999.358853            nan            nan
       210 -289734.022819    2960.798068            nan            nan
       211 -289769.709100    2996.365270            nan            nan
       212 -289750.981259    2977.698586            nan            nan
       213 -289852.720070    3079.824506            nan            nan
       214 -289857.009339    3083.737565            nan            nan
       215 -289863.637708    3090.401955            nan            nan
       216 -289847.069989    3074.146246            nan            nan
       217 -289793.412133    3020.327788            nan            nan
       218 -289975.498540    3202.341913            nan            nan
       219 -289892.724198    3119.612031            nan            nan
       220 -289803.584316    3030.713459            nan            nan
       221 -289762.461843    2989.658852            nan            nan
       222 -289771.419940    2998.281411            nan            nan
       223 -289757.926466    2985.087301            nan            nan
       224 -289712.598996    2939.945874            nan            nan
       225 -289764.476106    2991.700854            nan            nan
       226 -289800.767342    3028.082413            nan            nan
       227 -289777.873752    3005.019950            nan            nan
       228 -289693.472154    2920.424448            nan            nan
       229 -289673.889057    2900.847994            nan            nan
       230 -289748.892453    2975.647542            nan            nan
       231 -289800.396715    3027.249291            nan            nan
       232 -289823.792453    3050.271370            nan            nan
       233 -289716.599037    2943.506997            nan            nan
       234 -289729.162388    2956.150438            nan            nan
       235 -289781.250828    3008.136374            nan            nan
       236 -289880.611251    3107.333422            nan            nan
       237 -289897.170686    3123.906688            nan            nan
       238 -289790.515108    3017.513293            nan            nan
       239 -289851.768245    3078.639362            nan            nan
       240 -289825.611988    3052.364052            nan            nan
       241 -289827.166616    3053.797776            nan            nan
       242 -289867.590556    3094.285013            nan            nan
       243 -289818.248358    3045.115210            nan            nan
       244 -289834.740318    3061.716929            nan            nan
       245 -289853.808916    3080.941790            nan            nan
       246 -289798.158613    3025.325467            nan            nan
       247 -289732.398217    2959.907508            nan            nan
       248 -289756.226573    2982.922851            nan            nan
       249 -289752.021895    2978.640389            nan            nan
       250 -289739.416418    2966.072199            nan            nan
       251 -289777.735315    3004.598754            nan            nan
       252 -289727.889891    2954.952603            nan            nan
       253 -289806.594606    3033.785266            nan            nan
       254 -289781.994877    3009.269780            nan            nan
       255 -289872.482699    3099.744450            nan            nan
       256 -289862.125344    3089.418257            nan            nan
       257 -289847.997998    3074.906782            nan            nan
       258 -289822.340551    3049.608275            nan            nan
       259 -289844.219986    3071.236339            nan            nan
       260 -289890.252019    3117.064407            nan            nan
       261 -289880.914532    3107.940241            nan            nan
       262 -289765.063967    2992.378182            nan            nan
       263 -289762.914316    2990.054123            nan            nan
       264 -289733.342833    2960.465112            nan            nan
       265 -289888.109890    3115.117538            nan            nan
       266 -289879.594648    3106.570369            nan            nan
       267 -289812.891720    3039.549325            nan            nan
       268 -289766.464582    2993.057406            nan            nan
       269 -289824.479300    3051.272219            nan            nan
       270 -289814.475711    3041.104675            nan            nan
       271 -289856.817303    3083.009120            nan            nan
       272 -289962.073306    3188.165713            nan            nan
       273 -289785.192174    3011.513977            nan            nan
       274 -289690.282392    2917.024997            nan            nan
       275 -289780.914983    3007.386288            nan            nan
       276 -289788.828026    3015.376852            nan            nan
       277 -289887.390721    3113.839880            nan            nan
       278 -289910.876924    3137.277591            nan            nan
       279 -289867.174039    3093.639862            nan            nan
       280 -289795.750137    3022.556286            nan            nan
       281 -289857.634639    3083.858303            nan            nan
       282 -289876.349597    3102.780402            nan            nan
       283 -289889.631174    3116.061709            nan            nan
       284 -289860.874916    3087.516172            nan            nan
       285 -289794.636667    3021.667960            nan            nan
       286 -289750.461767    2977.567063            nan            nan
       287 -289701.406297    2928.592915            nan            nan
       288 -289905.757166    3132.481164            nan            nan
       289 -289763.683258    2990.521475            nan            nan
       290 -289724.734968    2951.555301            nan            nan
       291 -289802.902444    3029.759076            nan            nan
       292 -289766.707257    2993.962530            nan            nan
       293 -289821.534749    3048.288649            nan            nan
       294 -289776.477862    3003.109406            nan            nan
       295 -289908.890890    3135.720657            nan            nan
       296 -289854.382546    3081.298327            nan            nan
       297 -289785.921730    3012.848076            nan            nan
       298 -289790.145243    3017.135953            nan            nan
       299 -289758.427210    2985.003226            nan            nan
       300 -289793.809336    3020.301897            nan            nan
       301 -289755.242111    2982.005274            nan            nan
       302 -289824.068924    3050.823264            nan            nan
       303 -289750.138955    2977.144899            nan            nan
