# Cycle: 2876, status: ACC
#     Step              Filename       index    vel
         0  003_778152_2388_trajB.rkf         143     -1
         1  003_778152_2388_trajB.rkf         142     -1
         2  003_778152_2388_trajB.rkf         141     -1
         3  003_778152_2388_trajB.rkf         140     -1
         4  003_778152_2388_trajB.rkf         139     -1
         5  003_778152_2388_trajB.rkf         138     -1
         6  003_778152_2388_trajB.rkf         137     -1
         7  003_778152_2388_trajB.rkf         136     -1
         8  003_778152_2388_trajB.rkf         135     -1
         9  003_778152_2388_trajB.rkf         134     -1
        10  003_778152_2388_trajB.rkf         133     -1
        11  003_778152_2388_trajB.rkf         132     -1
        12  003_778152_2388_trajB.rkf         131     -1
        13  003_778152_2388_trajB.rkf         130     -1
        14  003_778152_2388_trajB.rkf         129     -1
        15  003_778152_2388_trajB.rkf         128     -1
        16  003_778152_2388_trajB.rkf         127     -1
        17  003_778152_2388_trajB.rkf         126     -1
        18  003_778152_2388_trajB.rkf         125     -1
        19  003_778152_2388_trajB.rkf         124     -1
        20  003_778152_2388_trajB.rkf         123     -1
        21  003_778152_2388_trajB.rkf         122     -1
        22  003_778152_2388_trajB.rkf         121     -1
        23  003_778152_2388_trajB.rkf         120     -1
        24  003_778152_2388_trajB.rkf         119     -1
        25  003_778152_2388_trajB.rkf         118     -1
        26  003_778152_2388_trajB.rkf         117     -1
        27  003_778152_2388_trajB.rkf         116     -1
        28  003_778152_2388_trajB.rkf         115     -1
        29  003_778152_2388_trajB.rkf         114     -1
        30  003_778152_2388_trajB.rkf         113     -1
        31  003_778152_2388_trajB.rkf         112     -1
        32  003_778152_2388_trajB.rkf         111     -1
        33  003_778152_2388_trajB.rkf         110     -1
        34  003_778152_2388_trajB.rkf         109     -1
        35  003_778152_2388_trajB.rkf         108     -1
        36  003_778152_2388_trajB.rkf         107     -1
        37  003_778152_2388_trajB.rkf         106     -1
        38  003_778152_2388_trajB.rkf         105     -1
        39  003_778152_2388_trajB.rkf         104     -1
        40  003_778152_2388_trajB.rkf         103     -1
        41  003_778152_2388_trajB.rkf         102     -1
        42  003_778152_2388_trajB.rkf         101     -1
        43  003_778152_2388_trajB.rkf         100     -1
        44  003_778152_2388_trajB.rkf          99     -1
        45  003_778152_2388_trajB.rkf          98     -1
        46  003_778152_2388_trajB.rkf          97     -1
        47  003_778152_2388_trajB.rkf          96     -1
        48  003_778152_2388_trajB.rkf          95     -1
        49  003_778152_2388_trajB.rkf          94     -1
        50  003_778152_2388_trajB.rkf          93     -1
        51  003_778152_2388_trajB.rkf          92     -1
        52  003_778152_2388_trajB.rkf          91     -1
        53  003_778152_2388_trajB.rkf          90     -1
        54  003_778152_2388_trajB.rkf          89     -1
        55  003_778152_2388_trajB.rkf          88     -1
        56  003_778152_2388_trajB.rkf          87     -1
        57  003_778152_2388_trajB.rkf          86     -1
        58  003_778152_2388_trajB.rkf          85     -1
        59  003_778152_2388_trajB.rkf          84     -1
        60  003_778152_2388_trajB.rkf          83     -1
        61  003_778152_2388_trajB.rkf          82     -1
        62  003_778152_2388_trajB.rkf          81     -1
        63  003_778152_2388_trajB.rkf          80     -1
        64  003_778152_2388_trajB.rkf          79     -1
        65  003_778152_2388_trajB.rkf          78     -1
        66  003_778152_2388_trajB.rkf          77     -1
        67  003_778152_2388_trajB.rkf          76     -1
        68  003_778152_2388_trajB.rkf          75     -1
        69  003_778152_2388_trajB.rkf          74     -1
        70  003_778152_2388_trajB.rkf          73     -1
        71  003_778152_2388_trajB.rkf          72     -1
        72  003_778152_2388_trajB.rkf          71     -1
        73  003_778152_2388_trajB.rkf          70     -1
        74  003_778152_2388_trajB.rkf          69     -1
        75  003_778152_2388_trajB.rkf          68     -1
        76  003_778152_2388_trajB.rkf          67     -1
        77  003_778152_2388_trajB.rkf          66     -1
        78  003_778152_2388_trajB.rkf          65     -1
        79  003_778152_2388_trajB.rkf          64     -1
        80  003_778152_2388_trajB.rkf          63     -1
        81  003_778152_2388_trajB.rkf          62     -1
        82  003_778152_2388_trajB.rkf          61     -1
        83  003_778152_2388_trajB.rkf          60     -1
        84  003_778152_2388_trajB.rkf          59     -1
        85  003_778152_2388_trajB.rkf          58     -1
        86  003_778152_2388_trajB.rkf          57     -1
        87  003_778152_2388_trajB.rkf          56     -1
        88  003_778152_2388_trajB.rkf          55     -1
        89  003_778152_2388_trajB.rkf          54     -1
        90  003_778152_2388_trajB.rkf          53     -1
        91  003_778152_2388_trajB.rkf          52     -1
        92  003_778152_2388_trajB.rkf          51     -1
        93  003_778152_2388_trajB.rkf          50     -1
        94  003_778152_2388_trajB.rkf          49     -1
        95  003_778152_2388_trajB.rkf          48     -1
        96  003_778152_2388_trajB.rkf          47     -1
        97  003_778152_2388_trajB.rkf          46     -1
        98  003_778152_2388_trajB.rkf          45     -1
        99  003_778152_2388_trajB.rkf          44     -1
       100  003_778152_2388_trajB.rkf          43     -1
       101  003_778152_2388_trajB.rkf          42     -1
       102  003_778152_2388_trajB.rkf          41     -1
       103  003_778152_2388_trajB.rkf          40     -1
       104  003_778152_2388_trajB.rkf          39     -1
       105  003_778152_2388_trajB.rkf          38     -1
       106  003_778152_2388_trajB.rkf          37     -1
       107  003_778152_2388_trajB.rkf          36     -1
       108  003_778152_2388_trajB.rkf          35     -1
       109  003_778152_2388_trajB.rkf          34     -1
       110  003_778152_2388_trajB.rkf          33     -1
       111  003_778152_2388_trajB.rkf          32     -1
       112  003_778152_2388_trajB.rkf          31     -1
       113  003_778152_2388_trajB.rkf          30     -1
       114  003_778152_2388_trajB.rkf          29     -1
       115  003_778152_2388_trajB.rkf          28     -1
       116  003_778152_2388_trajB.rkf          27     -1
       117  003_778152_2388_trajB.rkf          26     -1
       118  003_778152_2388_trajB.rkf          25     -1
       119  003_778152_2388_trajB.rkf          24     -1
       120  003_778152_2388_trajB.rkf          23     -1
       121  003_778152_2388_trajB.rkf          22     -1
       122  003_778152_2388_trajB.rkf          21     -1
       123  003_778152_2388_trajB.rkf          20     -1
       124  003_778152_2388_trajB.rkf          19     -1
       125  003_778152_2388_trajB.rkf          18     -1
       126  003_778152_2388_trajB.rkf          17     -1
       127  003_778152_2388_trajB.rkf          16     -1
       128  003_778152_2388_trajB.rkf          15     -1
       129  003_778152_2388_trajB.rkf          14     -1
       130  003_778152_2388_trajB.rkf          13     -1
       131  003_778152_2388_trajB.rkf          12     -1
       132  003_778152_2388_trajB.rkf          11     -1
       133  003_778152_2388_trajB.rkf          10     -1
       134  003_778152_2388_trajB.rkf           9     -1
       135  003_778152_2388_trajB.rkf           8     -1
       136  003_778152_2388_trajB.rkf           7     -1
       137  003_778152_2388_trajB.rkf           6     -1
       138  003_778152_2388_trajB.rkf           5     -1
       139  003_778152_2388_trajB.rkf           4     -1
       140  003_778152_2388_trajB.rkf           3     -1
       141  003_778152_2388_trajB.rkf           2     -1
       142  003_778152_2388_trajB.rkf           1     -1
       143  003_778152_2388_trajB.rkf           0     -1
       144  003_778152_2386_trajB.rkf          23     -1
       145  003_778152_2386_trajB.rkf          22     -1
       146  003_778152_2386_trajB.rkf          21     -1
       147  003_778152_2386_trajB.rkf          20     -1
       148  003_778152_2386_trajB.rkf          19     -1
       149  003_778152_2386_trajB.rkf          18     -1
       150  003_778152_2386_trajB.rkf          17     -1
       151  003_778152_2386_trajB.rkf          16     -1
       152  003_778152_2386_trajB.rkf          15     -1
       153  003_778152_2386_trajB.rkf          14     -1
       154  003_778152_2386_trajB.rkf          13     -1
       155  003_778152_2386_trajB.rkf          12     -1
       156  003_778152_2386_trajB.rkf          11     -1
       157  003_778152_2386_trajB.rkf          10     -1
       158  003_778152_2386_trajB.rkf           9     -1
       159  003_778152_2386_trajB.rkf           8     -1
       160  003_778152_2386_trajB.rkf           7     -1
       161  003_778152_2386_trajB.rkf           6     -1
       162  003_778152_2386_trajB.rkf           5     -1
       163  003_778152_2386_trajB.rkf           4     -1
       164  003_778152_2386_trajB.rkf           3     -1
       165  003_778152_2386_trajB.rkf           2     -1
       166  003_778152_2386_trajB.rkf           1     -1
       167  003_778152_2386_trajB.rkf           0     -1
       168  003_778152_2387_trajF.rkf           1      1
       169  003_778152_2387_trajF.rkf           2      1
       170  003_778152_2387_trajF.rkf           3      1
       171  003_778152_2387_trajF.rkf           4      1
       172  003_778152_2387_trajF.rkf           5      1
       173  003_778152_2387_trajF.rkf           6      1
       174  003_778152_2387_trajF.rkf           7      1
       175  003_778152_2387_trajF.rkf           8      1
       176  003_778152_2387_trajF.rkf           9      1
       177  003_778152_2387_trajF.rkf          10      1
       178  003_778152_2387_trajF.rkf          11      1
       179  003_778152_2387_trajF.rkf          12      1
       180  003_778152_2387_trajF.rkf          13      1
       181  003_778152_2387_trajF.rkf          14      1
       182  003_778152_2387_trajF.rkf          15      1
       183  003_778152_2387_trajF.rkf          16      1
       184  003_778152_2387_trajF.rkf          17      1
       185  003_778152_2387_trajF.rkf          18      1
       186  003_778152_2387_trajF.rkf          19      1
       187  003_778152_2387_trajF.rkf          20      1
       188  003_778152_2387_trajF.rkf          21      1
       189  003_778152_2387_trajF.rkf          22      1
       190  003_778152_2387_trajF.rkf          23      1
       191  003_778152_2387_trajF.rkf          24      1
       192  003_778152_2387_trajF.rkf          25      1
       193  003_778152_2387_trajF.rkf          26      1
       194  003_778152_2387_trajF.rkf          27      1
       195  003_778152_2387_trajF.rkf          28      1
       196  003_778152_2387_trajF.rkf          29      1
       197  003_778152_2387_trajF.rkf          30      1
       198  003_778152_2387_trajF.rkf          31      1
       199  003_778152_2387_trajF.rkf          32      1
       200  003_778152_2387_trajF.rkf          33      1
       201  003_778152_2387_trajF.rkf          34      1
       202  003_778152_2387_trajF.rkf          35      1
       203  003_778152_2387_trajF.rkf          36      1
       204  003_778152_2387_trajF.rkf          37      1
       205  003_778152_2387_trajF.rkf          38      1
       206  003_778152_2387_trajF.rkf          39      1
       207  003_778152_2387_trajF.rkf          40      1
       208  003_778152_2387_trajF.rkf          41      1
       209  003_778152_2387_trajF.rkf          42      1
       210  003_778152_2387_trajF.rkf          43      1
       211  003_778152_2387_trajF.rkf          44      1
       212  003_778152_2387_trajF.rkf          45      1
       213  003_778152_2387_trajF.rkf          46      1
       214  003_778152_2387_trajF.rkf          47      1
       215  003_778152_2387_trajF.rkf          48      1
       216  003_778152_2389_trajF.rkf           0      1
       217  003_778152_2389_trajF.rkf           1      1
       218  003_778152_2389_trajF.rkf           2      1
       219  003_778152_2389_trajF.rkf           3      1
       220  003_778152_2389_trajF.rkf           4      1
       221  003_778152_2389_trajF.rkf           5      1
       222  003_778152_2389_trajF.rkf           6      1
       223  003_778152_2389_trajF.rkf           7      1
       224  003_778152_2389_trajF.rkf           8      1
       225  003_778152_2389_trajF.rkf           9      1
       226  003_778152_2389_trajF.rkf          10      1
       227  003_778152_2389_trajF.rkf          11      1
       228  003_778152_2389_trajF.rkf          12      1
       229  003_778152_2389_trajF.rkf          13      1
       230  003_778152_2389_trajF.rkf          14      1
       231  003_778152_2389_trajF.rkf          15      1
       232  003_778152_2389_trajF.rkf          16      1
       233  003_778152_2389_trajF.rkf          17      1
       234  003_778152_2389_trajF.rkf          18      1
       235  003_778152_2389_trajF.rkf          19      1
       236  003_778152_2389_trajF.rkf          20      1
       237  003_778152_2389_trajF.rkf          21      1
       238  003_778152_2389_trajF.rkf          22      1
       239  003_778152_2389_trajF.rkf          23      1
       240  003_778152_2389_trajF.rkf          24      1
       241  003_778152_2389_trajF.rkf          25      1
       242  003_778152_2389_trajF.rkf          26      1
       243  003_778152_2389_trajF.rkf          27      1
       244  003_778152_2389_trajF.rkf          28      1
       245  003_778152_2389_trajF.rkf          29      1
       246  003_778152_2389_trajF.rkf          30      1
       247  003_778152_2389_trajF.rkf          31      1
       248  003_778152_2389_trajF.rkf          32      1
       249  003_778152_2389_trajF.rkf          33      1
       250  003_778152_2389_trajF.rkf          34      1
       251  003_778152_2389_trajF.rkf          35      1
       252  003_778152_2389_trajF.rkf          36      1
       253  003_778152_2389_trajF.rkf          37      1
       254  003_778152_2389_trajF.rkf          38      1
       255  003_778152_2389_trajF.rkf          39      1
       256  003_778152_2389_trajF.rkf          40      1
       257  003_778152_2389_trajF.rkf          41      1
       258  003_778152_2389_trajF.rkf          42      1
       259  003_778152_2389_trajF.rkf          43      1
       260  003_778152_2389_trajF.rkf          44      1
       261  003_778152_2389_trajF.rkf          45      1
       262  003_778152_2389_trajF.rkf          46      1
       263  003_778152_2389_trajF.rkf          47      1
       264  003_778152_2389_trajF.rkf          48      1
       265  003_778152_2389_trajF.rkf          49      1
       266  003_778152_2389_trajF.rkf          50      1
       267  003_778152_2389_trajF.rkf          51      1
       268  003_778152_2389_trajF.rkf          52      1
       269  003_778152_2389_trajF.rkf          53      1
       270  003_778152_2389_trajF.rkf          54      1
       271  003_778152_2389_trajF.rkf          55      1
       272  003_778152_2389_trajF.rkf          56      1
       273  003_778152_2389_trajF.rkf          57      1
       274  003_778152_2389_trajF.rkf          58      1
       275  003_778152_2389_trajF.rkf          59      1
       276  003_778152_2389_trajF.rkf          60      1
       277  003_778152_2389_trajF.rkf          61      1
       278  003_778152_2389_trajF.rkf          62      1
       279  003_778152_2389_trajF.rkf          63      1
       280  003_778152_2389_trajF.rkf          64      1
       281  003_778152_2389_trajF.rkf          65      1
       282  003_778152_2389_trajF.rkf          66      1
       283  003_778152_2389_trajF.rkf          67      1
       284  003_778152_2389_trajF.rkf          68      1
       285  003_778152_2389_trajF.rkf          69      1
       286  003_778152_2389_trajF.rkf          70      1
       287  003_778152_2389_trajF.rkf          71      1
       288  003_778152_2389_trajF.rkf          72      1
       289  003_778152_2389_trajF.rkf          73      1
       290  003_778152_2389_trajF.rkf          74      1
       291  003_778152_2389_trajF.rkf          75      1
       292  003_778152_2389_trajF.rkf          76      1
       293  003_778152_2389_trajF.rkf          77      1
       294  003_778152_2389_trajF.rkf          78      1
       295  003_778152_2389_trajF.rkf          79      1
       296  003_778152_2389_trajF.rkf          80      1
       297  003_778152_2389_trajF.rkf          81      1
       298  003_778152_2389_trajF.rkf          82      1
       299  003_778152_2389_trajF.rkf          83      1
       300  003_778152_2389_trajF.rkf          84      1
       301  003_778152_2389_trajF.rkf          85      1
       302  003_778152_2389_trajF.rkf          86      1
       303  003_778152_2389_trajF.rkf          87      1
