# Cycle: 2882, status: ACC, move: ('wf', 9000, 2, 21)
#     Time       Orderp
         0     0.307863
         1     0.312230
         2     0.316277
         3     0.322347
         4     0.328267
         5     0.334138
         6     0.339970
         7     0.344597
         8     0.348528
         9     0.351660
        10     0.352770
        11     0.352320
        12     0.349763
        13     0.345085
        14     0.339677
        15     0.334514
        16     0.328541
        17     0.321687
        18     0.316151
        19     0.310755
        20     0.304231
