# Cycle: 2939, status: ACC
#     Step              Filename       index    vel
         0  017_778147_2234_trajB.rkf          13     -1
         1  017_778147_2234_trajB.rkf          12     -1
         2  017_778147_2234_trajB.rkf          11     -1
         3  017_778147_2234_trajB.rkf          10     -1
         4  017_778147_2234_trajB.rkf           9     -1
         5  017_778147_2234_trajB.rkf           8     -1
         6  017_778147_2234_trajB.rkf           7     -1
         7  017_778147_2234_trajB.rkf           6     -1
         8  017_778147_2234_trajB.rkf           5     -1
         9  017_778147_2234_trajB.rkf           4     -1
        10  017_778147_2234_trajB.rkf           3     -1
        11  017_778147_2234_trajB.rkf           2     -1
        12  017_778147_2234_trajB.rkf           1     -1
        13  017_778147_2234_trajB.rkf           0     -1
        14  017_778147_2232_trajB.rkf           0     -1
        15  017_778147_2233_trajF.rkf           1      1
        16  017_778147_2233_trajF.rkf           2      1
        17  017_778147_2235_trajF.rkf           0      1
        18  017_778147_2235_trajF.rkf           1      1
        19  017_778147_2235_trajF.rkf           2      1
        20  017_778147_2235_trajF.rkf           3      1
        21  017_778147_2235_trajF.rkf           4      1
        22  017_778147_2235_trajF.rkf           5      1
        23  017_778147_2235_trajF.rkf           6      1
        24  017_778147_2235_trajF.rkf           7      1
        25  017_778147_2235_trajF.rkf           8      1
        26  017_778147_2235_trajF.rkf           9      1
        27  017_778147_2235_trajF.rkf          10      1
        28  017_778147_2235_trajF.rkf          11      1
        29  017_778147_2235_trajF.rkf          12      1
        30  017_778147_2235_trajF.rkf          13      1
        31  017_778147_2235_trajF.rkf          14      1
