# Cycle: 2939, status: ACC, move: ('wf', 9000, 2, 32)
#     Time      Potential        Kinetic
         0 -289880.666576    2890.072795            nan            nan
         1 -289904.153019    2913.932855            nan            nan
         2 -290019.792787    3029.538315            nan            nan
         3 -290052.413140    3061.770851            nan            nan
         4 -290063.949210    3073.128684            nan            nan
         5 -289963.260073    2972.515970            nan            nan
         6 -290021.185146    3030.513720            nan            nan
         7 -290028.858602    3038.345455            nan            nan
         8 -289989.195419    2998.634464            nan            nan
         9 -290024.176341    3033.316930            nan            nan
        10 -290012.423770    3021.457839            nan            nan
        11 -289957.050819    2966.266659            nan            nan
        12 -290073.231549    3082.476236            nan            nan
        13 -290039.522081    3048.889680            nan            nan
        14 -290013.921204    3023.142274            nan            nan
        15 -289868.349306    2877.662544            nan            nan
        16 -289937.159660    2946.733907            nan            nan
        17 -289904.891092    2914.574060            nan            nan
        18 -289841.285279    2851.199634            nan            nan
        19 -289772.093154    2781.940452            nan            nan
        20 -289944.300910    2954.046394            nan            nan
        21 -289993.975095    3003.414220            nan            nan
        22 -289861.966816    2871.648486            nan            nan
        23 -289928.141057    2937.763231            nan            nan
        24 -289925.003286    2934.650767            nan            nan
        25 -289958.861723    2967.982706            nan            nan
        26 -289959.685489    2968.719491            nan            nan
        27 -289935.494740    2944.747665            nan            nan
        28 -289923.189916    2932.778936            nan            nan
        29 -289928.445600    2937.878722            nan            nan
        30 -289970.775110    2980.254547            nan            nan
        31 -289928.266247    2937.824623            nan            nan
