# Cycle: 2937, status: ACC, move: ('wf', 9000, 2, 142)
#     Time      Potential        Kinetic
         0 -289865.127580    2976.660302            nan            nan
         1 -289959.765195    3071.313870            nan            nan
         2 -289846.718211    2958.226559            nan            nan
         3 -289863.993670    2975.500471            nan            nan
         4 -289908.425928    3019.907563            nan            nan
         5 -289847.303187    2958.748714            nan            nan
         6 -289854.487682    2966.037783            nan            nan
         7 -289904.065255    3015.521069            nan            nan
         8 -289920.936547    3032.223525            nan            nan
         9 -289873.165131    2984.404439            nan            nan
        10 -289922.488019    3033.644469            nan            nan
        11 -289927.297824    3038.084139            nan            nan
        12 -289879.366048    2990.152719            nan            nan
        13 -289940.635929    3051.643724            nan            nan
        14 -289912.046387    3023.142274            nan            nan
        15 -289773.783409    2884.807085            nan            nan
        16 -289885.730101    2996.836055            nan            nan
        17 -289918.944966    3029.729581            nan            nan
        18 -289843.478527    2954.630893            nan            nan
        19 -289958.977137    3069.695578            nan            nan
        20 -289994.747242    3105.690227            nan            nan
        21 -289844.311077    2955.175790            nan            nan
        22 -289928.903697    3039.617251            nan            nan
        23 -290124.278073    3234.749283            nan            nan
        24 -290002.120794    3113.052898            nan            nan
        25 -289972.501807    3083.560780            nan            nan
        26 -289998.817651    3109.739367            nan            nan
        27 -289930.340754    3041.184628            nan            nan
        28 -289992.667497    3103.614890            nan            nan
        29 -289922.442057    3033.330182            nan            nan
        30 -289884.334026    2995.449505            nan            nan
        31 -289883.362036    2994.391919            nan            nan
        32 -289936.955269    3047.832934            nan            nan
        33 -289930.980945    3041.884617            nan            nan
        34 -289908.074975    3018.991037            nan            nan
        35 -289967.126118    3077.862905            nan            nan
        36 -289854.571392    2965.646059            nan            nan
        37 -289796.753424    2907.758450            nan            nan
        38 -289889.242144    3000.248393            nan            nan
        39 -289815.438345    2926.183226            nan            nan
        40 -289934.189904    3044.828710            nan            nan
        41 -289967.495188    3077.742702            nan            nan
        42 -289908.868339    3019.682976            nan            nan
        43 -289871.459355    2982.115265            nan            nan
        44 -289896.567382    3007.106592            nan            nan
        45 -289848.442092    2959.256363            nan            nan
        46 -289835.861830    2946.756966            nan            nan
        47 -289881.795470    2992.872293            nan            nan
        48 -289775.188200    2886.233422            nan            nan
        49 -289821.322841    2932.439156            nan            nan
        50 -289852.981099    2964.004081            nan            nan
        51 -289833.007019    2944.277027            nan            nan
        52 -289858.223589    2969.384215            nan            nan
        53 -289869.176813    2980.560583            nan            nan
        54 -289827.437926    2938.825144            nan            nan
        55 -289793.818666    2905.196517            nan            nan
        56 -289885.113112    2996.529279            nan            nan
        57 -289860.439992    2971.624671            nan            nan
        58 -289797.849582    2909.145440            nan            nan
        59 -289820.803531    2932.125050            nan            nan
        60 -289840.900890    2952.313011            nan            nan
        61 -289825.793714    2936.909513            nan            nan
        62 -289974.778383    3085.575842            nan            nan
        63 -289952.707632    3063.814981            nan            nan
        64 -289899.797534    3011.108647            nan            nan
        65 -289875.128247    2986.491863            nan            nan
        66 -289954.921756    3065.781740            nan            nan
        67 -290042.438418    3153.122908            nan            nan
        68 -289915.958160    3026.844906            nan            nan
        69 -289830.104298    2941.456679            nan            nan
        70 -289853.353412    2964.741151            nan            nan
        71 -289883.022835    2993.831004            nan            nan
        72 -290012.030705    3123.061985            nan            nan
        73 -289993.737599    3104.966608            nan            nan
        74 -289869.250320    2980.562213            nan            nan
        75 -289940.174761    3051.441476            nan            nan
        76 -289937.769870    3049.123134            nan            nan
        77 -289860.083484    2971.662591            nan            nan
        78 -289841.831594    2953.173639            nan            nan
        79 -289972.643878    3083.730937            nan            nan
        80 -289968.014472    3079.072832            nan            nan
        81 -289957.592564    3068.480248            nan            nan
        82 -289944.637746    3055.690889            nan            nan
        83 -289862.924847    2974.423017            nan            nan
        84 -289837.735135    2949.002266            nan            nan
        85 -289960.337525    3071.539479            nan            nan
        86 -289938.661658    3049.928626            nan            nan
        87 -289836.832547    2948.208655            nan            nan
        88 -289860.643345    2971.688944            nan            nan
        89 -289852.416682    2963.653247            nan            nan
        90 -289933.825867    3044.932851            nan            nan
        91 -289929.816041    3040.825051            nan            nan
        92 -289810.229540    2921.316672            nan            nan
        93 -289889.831033    3000.653469            nan            nan
        94 -289954.460574    3065.239443            nan            nan
        95 -289943.171253    3054.033326            nan            nan
        96 -289948.092045    3058.869155            nan            nan
        97 -289983.218228    3094.163565            nan            nan
        98 -289940.611757    3051.873313            nan            nan
        99 -289925.814548    3037.147026            nan            nan
       100 -289907.915771    3019.112466            nan            nan
       101 -289923.401792    3034.436631            nan            nan
       102 -289992.109533    3102.568049            nan            nan
       103 -289915.081385    3025.788369            nan            nan
       104 -289939.000278    3049.907135            nan            nan
       105 -289914.242392    3025.220783            nan            nan
       106 -289948.719180    3059.481131            nan            nan
       107 -289903.580030    3014.053497            nan            nan
       108 -289927.630859    3038.163511            nan            nan
       109 -289982.061782    3092.333205            nan            nan
       110 -289889.486667    2999.725917            nan            nan
       111 -289814.242243    2924.808304            nan            nan
       112 -289861.919176    2972.587337            nan            nan
       113 -289921.342647    3032.234382            nan            nan
       114 -289995.953870    3106.377667            nan            nan
       115 -289947.716805    3058.574276            nan            nan
       116 -289802.080816    2912.928353            nan            nan
       117 -289798.532672    2909.030801            nan            nan
       118 -289893.979412    3004.074795            nan            nan
       119 -289960.947521    3071.045197            nan            nan
       120 -290022.728219    3132.842374            nan            nan
       121 -289901.007980    3011.400192            nan            nan
       122 -289842.816040    2953.196323            nan            nan
       123 -289752.984914    2863.449024            nan            nan
       124 -289814.849895    2925.364504            nan            nan
       125 -289933.921336    3044.406950            nan            nan
       126 -289881.501208    2992.270882            nan            nan
       127 -289949.376295    3059.918510            nan            nan
       128 -289941.428614    3051.913746            nan            nan
       129 -289862.511199    2973.082029            nan            nan
       130 -289934.371275    3044.939338            nan            nan
       131 -289990.243275    3100.767374            nan            nan
       132 -289812.133709    2922.731504            nan            nan
       133 -289866.672741    2977.318370            nan            nan
       134 -289935.037146    3045.236734            nan            nan
       135 -289896.976346    3007.217910            nan            nan
       136 -289918.106789    3028.871081            nan            nan
       137 -289939.591097    3049.857025            nan            nan
       138 -289874.755583    2984.967259            nan            nan
       139 -289802.509178    2913.050382            nan            nan
       140 -289912.948013    3023.358774            nan            nan
       141 -289900.996218    3011.190722            nan            nan
