# Cycle: 2937, status: ACC
#     Step              Filename       index    vel
         0  008_778147_2228_trajB.rkf           6     -1
         1  008_778147_2228_trajB.rkf           5     -1
         2  008_778147_2228_trajB.rkf           4     -1
         3  008_778147_2228_trajB.rkf           3     -1
         4  008_778147_2228_trajB.rkf           2     -1
         5  008_778147_2228_trajB.rkf           1     -1
         6  008_778147_2228_trajB.rkf           0     -1
         7  008_778147_2226_trajB.rkf           7     -1
         8  008_778147_2226_trajB.rkf           6     -1
         9  008_778147_2226_trajB.rkf           5     -1
        10  008_778147_2226_trajB.rkf           4     -1
        11  008_778147_2226_trajB.rkf           3     -1
        12  008_778147_2226_trajB.rkf           2     -1
        13  008_778147_2226_trajB.rkf           1     -1
        14  008_778147_2226_trajB.rkf           0     -1
        15  008_778147_2227_trajF.rkf           1      1
        16  008_778147_2227_trajF.rkf           2      1
        17  008_778147_2227_trajF.rkf           3      1
        18  008_778147_2227_trajF.rkf           4      1
        19  008_778147_2227_trajF.rkf           5      1
        20  008_778147_2227_trajF.rkf           6      1
        21  008_778147_2227_trajF.rkf           7      1
        22  008_778147_2227_trajF.rkf           8      1
        23  008_778147_2227_trajF.rkf           9      1
        24  008_778147_2227_trajF.rkf          10      1
        25  008_778147_2227_trajF.rkf          11      1
        26  008_778147_2227_trajF.rkf          12      1
        27  008_778147_2227_trajF.rkf          13      1
        28  008_778147_2227_trajF.rkf          14      1
        29  008_778147_2229_trajF.rkf           0      1
        30  008_778147_2229_trajF.rkf           1      1
        31  008_778147_2229_trajF.rkf           2      1
        32  008_778147_2229_trajF.rkf           3      1
        33  008_778147_2229_trajF.rkf           4      1
        34  008_778147_2229_trajF.rkf           5      1
        35  008_778147_2229_trajF.rkf           6      1
        36  008_778147_2229_trajF.rkf           7      1
        37  008_778147_2229_trajF.rkf           8      1
        38  008_778147_2229_trajF.rkf           9      1
        39  008_778147_2229_trajF.rkf          10      1
        40  008_778147_2229_trajF.rkf          11      1
        41  008_778147_2229_trajF.rkf          12      1
        42  008_778147_2229_trajF.rkf          13      1
        43  008_778147_2229_trajF.rkf          14      1
        44  008_778147_2229_trajF.rkf          15      1
        45  008_778147_2229_trajF.rkf          16      1
        46  008_778147_2229_trajF.rkf          17      1
        47  008_778147_2229_trajF.rkf          18      1
        48  008_778147_2229_trajF.rkf          19      1
        49  008_778147_2229_trajF.rkf          20      1
        50  008_778147_2229_trajF.rkf          21      1
        51  008_778147_2229_trajF.rkf          22      1
        52  008_778147_2229_trajF.rkf          23      1
        53  008_778147_2229_trajF.rkf          24      1
        54  008_778147_2229_trajF.rkf          25      1
        55  008_778147_2229_trajF.rkf          26      1
        56  008_778147_2229_trajF.rkf          27      1
        57  008_778147_2229_trajF.rkf          28      1
        58  008_778147_2229_trajF.rkf          29      1
        59  008_778147_2229_trajF.rkf          30      1
        60  008_778147_2229_trajF.rkf          31      1
        61  008_778147_2229_trajF.rkf          32      1
        62  008_778147_2229_trajF.rkf          33      1
        63  008_778147_2229_trajF.rkf          34      1
        64  008_778147_2229_trajF.rkf          35      1
        65  008_778147_2229_trajF.rkf          36      1
        66  008_778147_2229_trajF.rkf          37      1
        67  008_778147_2229_trajF.rkf          38      1
        68  008_778147_2229_trajF.rkf          39      1
        69  008_778147_2229_trajF.rkf          40      1
        70  008_778147_2229_trajF.rkf          41      1
        71  008_778147_2229_trajF.rkf          42      1
        72  008_778147_2229_trajF.rkf          43      1
        73  008_778147_2229_trajF.rkf          44      1
        74  008_778147_2229_trajF.rkf          45      1
        75  008_778147_2229_trajF.rkf          46      1
        76  008_778147_2229_trajF.rkf          47      1
        77  008_778147_2229_trajF.rkf          48      1
        78  008_778147_2229_trajF.rkf          49      1
        79  008_778147_2229_trajF.rkf          50      1
        80  008_778147_2229_trajF.rkf          51      1
        81  008_778147_2229_trajF.rkf          52      1
        82  008_778147_2229_trajF.rkf          53      1
        83  008_778147_2229_trajF.rkf          54      1
        84  008_778147_2229_trajF.rkf          55      1
        85  008_778147_2229_trajF.rkf          56      1
        86  008_778147_2229_trajF.rkf          57      1
        87  008_778147_2229_trajF.rkf          58      1
        88  008_778147_2229_trajF.rkf          59      1
        89  008_778147_2229_trajF.rkf          60      1
        90  008_778147_2229_trajF.rkf          61      1
        91  008_778147_2229_trajF.rkf          62      1
        92  008_778147_2229_trajF.rkf          63      1
        93  008_778147_2229_trajF.rkf          64      1
        94  008_778147_2229_trajF.rkf          65      1
        95  008_778147_2229_trajF.rkf          66      1
        96  008_778147_2229_trajF.rkf          67      1
        97  008_778147_2229_trajF.rkf          68      1
        98  008_778147_2229_trajF.rkf          69      1
        99  008_778147_2229_trajF.rkf          70      1
       100  008_778147_2229_trajF.rkf          71      1
       101  008_778147_2229_trajF.rkf          72      1
       102  008_778147_2229_trajF.rkf          73      1
       103  008_778147_2229_trajF.rkf          74      1
       104  008_778147_2229_trajF.rkf          75      1
       105  008_778147_2229_trajF.rkf          76      1
       106  008_778147_2229_trajF.rkf          77      1
       107  008_778147_2229_trajF.rkf          78      1
       108  008_778147_2229_trajF.rkf          79      1
       109  008_778147_2229_trajF.rkf          80      1
       110  008_778147_2229_trajF.rkf          81      1
       111  008_778147_2229_trajF.rkf          82      1
       112  008_778147_2229_trajF.rkf          83      1
       113  008_778147_2229_trajF.rkf          84      1
       114  008_778147_2229_trajF.rkf          85      1
       115  008_778147_2229_trajF.rkf          86      1
       116  008_778147_2229_trajF.rkf          87      1
       117  008_778147_2229_trajF.rkf          88      1
       118  008_778147_2229_trajF.rkf          89      1
       119  008_778147_2229_trajF.rkf          90      1
       120  008_778147_2229_trajF.rkf          91      1
       121  008_778147_2229_trajF.rkf          92      1
       122  008_778147_2229_trajF.rkf          93      1
       123  008_778147_2229_trajF.rkf          94      1
       124  008_778147_2229_trajF.rkf          95      1
       125  008_778147_2229_trajF.rkf          96      1
       126  008_778147_2229_trajF.rkf          97      1
       127  008_778147_2229_trajF.rkf          98      1
       128  008_778147_2229_trajF.rkf          99      1
       129  008_778147_2229_trajF.rkf         100      1
       130  008_778147_2229_trajF.rkf         101      1
       131  008_778147_2229_trajF.rkf         102      1
       132  008_778147_2229_trajF.rkf         103      1
       133  008_778147_2229_trajF.rkf         104      1
       134  008_778147_2229_trajF.rkf         105      1
       135  008_778147_2229_trajF.rkf         106      1
       136  008_778147_2229_trajF.rkf         107      1
       137  008_778147_2229_trajF.rkf         108      1
       138  008_778147_2229_trajF.rkf         109      1
       139  008_778147_2229_trajF.rkf         110      1
       140  008_778147_2229_trajF.rkf         111      1
       141  008_778147_2229_trajF.rkf         112      1
