# Cycle: 2882, status: ACC, move: ('wf', 9000, 2, 21)
#     Time      Potential        Kinetic
         0 -289669.153758    3010.567287            nan            nan
         1 -289736.575951    3077.771121            nan            nan
         2 -289776.814148    3117.972580            nan            nan
         3 -289740.551998    3081.967789            nan            nan
         4 -289756.221155    3097.637051            nan            nan
         5 -289748.540579    3089.960285            nan            nan
         6 -289750.508037    3091.941507            nan            nan
         7 -289715.361007    3056.756385            nan            nan
         8 -289802.939800    3144.340352            nan            nan
         9 -289703.311637    3044.660053            nan            nan
        10 -289715.067316    3056.464324            nan            nan
        11 -289676.515962    3017.889154            nan            nan
        12 -289700.165923    3041.363622            nan            nan
        13 -289681.883415    3023.142274            nan            nan
        14 -289660.424599    3001.939892            nan            nan
        15 -289724.971653    3066.217937            nan            nan
        16 -289742.386748    3083.733107            nan            nan
        17 -289724.739054    3066.115020            nan            nan
        18 -289608.183300    2949.669962            nan            nan
        19 -289724.475452    3065.841264            nan            nan
        20 -289703.564627    3044.740101            nan            nan
