# Cycle: 2770, status: ACC, move: None
#     Time      Potential        Kinetic
         0 -289676.075721    3026.551338            nan            nan
         1 -289702.112751    3052.608421            nan            nan
         2 -289786.362134    3136.872878            nan            nan
         3 -289666.789056    3017.607672            nan            nan
         4 -289670.646700    3021.509019            nan            nan
         5 -289653.482755    3004.197918            nan            nan
         6 -289586.339383    2937.391857            nan            nan
         7 -289702.008552    3052.657112            nan            nan
         8 -289672.604925    3023.137769            nan            nan
         9 -289677.560560    3028.118199            nan            nan
        10 -289684.716002    3035.036757            nan            nan
