# Cycle: 2868, status: ACC
#     Step              Filename       index    vel
         0  009_778150_2089_trajB.rkf          57     -1
         1  009_778150_2089_trajB.rkf          56     -1
         2  009_778150_2089_trajB.rkf          55     -1
         3  009_778150_2089_trajB.rkf          54     -1
         4  009_778150_2089_trajB.rkf          53     -1
         5  009_778150_2089_trajB.rkf          52     -1
         6  009_778150_2089_trajB.rkf          51     -1
         7  009_778150_2089_trajB.rkf          50     -1
         8  009_778150_2089_trajB.rkf          49     -1
         9  009_778150_2089_trajB.rkf          48     -1
        10  009_778150_2089_trajB.rkf          47     -1
        11  009_778150_2089_trajB.rkf          46     -1
        12  009_778150_2089_trajB.rkf          45     -1
        13  009_778150_2089_trajB.rkf          44     -1
        14  009_778150_2089_trajB.rkf          43     -1
        15  009_778150_2089_trajB.rkf          42     -1
        16  009_778150_2089_trajB.rkf          41     -1
        17  009_778150_2089_trajB.rkf          40     -1
        18  009_778150_2089_trajB.rkf          39     -1
        19  009_778150_2089_trajB.rkf          38     -1
        20  009_778150_2089_trajB.rkf          37     -1
        21  009_778150_2089_trajB.rkf          36     -1
        22  009_778150_2089_trajB.rkf          35     -1
        23  009_778150_2089_trajB.rkf          34     -1
        24  009_778150_2089_trajB.rkf          33     -1
        25  009_778150_2089_trajB.rkf          32     -1
        26  009_778150_2089_trajB.rkf          31     -1
        27  009_778150_2089_trajB.rkf          30     -1
        28  009_778150_2089_trajB.rkf          29     -1
        29  009_778150_2089_trajB.rkf          28     -1
        30  009_778150_2089_trajB.rkf          27     -1
        31  009_778150_2089_trajB.rkf          26     -1
        32  009_778150_2089_trajB.rkf          25     -1
        33  009_778150_2089_trajB.rkf          24     -1
        34  009_778150_2089_trajB.rkf          23     -1
        35  009_778150_2089_trajB.rkf          22     -1
        36  009_778150_2089_trajB.rkf          21     -1
        37  009_778150_2089_trajB.rkf          20     -1
        38  009_778150_2089_trajB.rkf          19     -1
        39  009_778150_2089_trajB.rkf          18     -1
        40  009_778150_2089_trajB.rkf          17     -1
        41  009_778150_2089_trajB.rkf          16     -1
        42  009_778150_2089_trajB.rkf          15     -1
        43  009_778150_2089_trajB.rkf          14     -1
        44  009_778150_2089_trajB.rkf          13     -1
        45  009_778150_2089_trajB.rkf          12     -1
        46  009_778150_2089_trajB.rkf          11     -1
        47  009_778150_2089_trajB.rkf          10     -1
        48  009_778150_2089_trajB.rkf           9     -1
        49  009_778150_2089_trajB.rkf           8     -1
        50  009_778150_2089_trajB.rkf           7     -1
        51  009_778150_2089_trajB.rkf           6     -1
        52  009_778150_2089_trajB.rkf           5     -1
        53  009_778150_2089_trajB.rkf           4     -1
        54  009_778150_2089_trajB.rkf           3     -1
        55  009_778150_2089_trajB.rkf           2     -1
        56  009_778150_2089_trajB.rkf           1     -1
        57  009_778150_2089_trajB.rkf           0     -1
        58  009_778150_2087_trajB.rkf           6     -1
        59  009_778150_2087_trajB.rkf           5     -1
        60  009_778150_2087_trajB.rkf           4     -1
        61  009_778150_2087_trajB.rkf           3     -1
        62  009_778150_2087_trajB.rkf           2     -1
        63  009_778150_2087_trajB.rkf           1     -1
        64  009_778150_2087_trajB.rkf           0     -1
        65  009_778150_2088_trajF.rkf           1      1
        66  009_778150_2088_trajF.rkf           2      1
        67  009_778150_2088_trajF.rkf           3      1
        68  009_778150_2088_trajF.rkf           4      1
        69  009_778150_2090_trajF.rkf           0      1
        70  009_778150_2090_trajF.rkf           1      1
        71  009_778150_2090_trajF.rkf           2      1
        72  009_778150_2090_trajF.rkf           3      1
        73  009_778150_2090_trajF.rkf           4      1
        74  009_778150_2090_trajF.rkf           5      1
        75  009_778150_2090_trajF.rkf           6      1
        76  009_778150_2090_trajF.rkf           7      1
        77  009_778150_2090_trajF.rkf           8      1
        78  009_778150_2090_trajF.rkf           9      1
        79  009_778150_2090_trajF.rkf          10      1
        80  009_778150_2090_trajF.rkf          11      1
        81  009_778150_2090_trajF.rkf          12      1
        82  009_778150_2090_trajF.rkf          13      1
        83  009_778150_2090_trajF.rkf          14      1
        84  009_778150_2090_trajF.rkf          15      1
        85  009_778150_2090_trajF.rkf          16      1
        86  009_778150_2090_trajF.rkf          17      1
        87  009_778150_2090_trajF.rkf          18      1
        88  009_778150_2090_trajF.rkf          19      1
        89  009_778150_2090_trajF.rkf          20      1
        90  009_778150_2090_trajF.rkf          21      1
        91  009_778150_2090_trajF.rkf          22      1
        92  009_778150_2090_trajF.rkf          23      1
        93  009_778150_2090_trajF.rkf          24      1
        94  009_778150_2090_trajF.rkf          25      1
        95  009_778150_2090_trajF.rkf          26      1
        96  009_778150_2090_trajF.rkf          27      1
        97  009_778150_2090_trajF.rkf          28      1
        98  009_778150_2090_trajF.rkf          29      1
        99  009_778150_2090_trajF.rkf          30      1
       100  009_778150_2090_trajF.rkf          31      1
       101  009_778150_2090_trajF.rkf          32      1
       102  009_778150_2090_trajF.rkf          33      1
       103  009_778150_2090_trajF.rkf          34      1
       104  009_778150_2090_trajF.rkf          35      1
       105  009_778150_2090_trajF.rkf          36      1
       106  009_778150_2090_trajF.rkf          37      1
       107  009_778150_2090_trajF.rkf          38      1
       108  009_778150_2090_trajF.rkf          39      1
       109  009_778150_2090_trajF.rkf          40      1
