# Cycle: 2877, status: ACC
#     Step              Filename       index    vel
         0  003_778152_2394_trajB.rkf          46     -1
         1  003_778152_2394_trajB.rkf          45     -1
         2  003_778152_2394_trajB.rkf          44     -1
         3  003_778152_2394_trajB.rkf          43     -1
         4  003_778152_2394_trajB.rkf          42     -1
         5  003_778152_2394_trajB.rkf          41     -1
         6  003_778152_2394_trajB.rkf          40     -1
         7  003_778152_2394_trajB.rkf          39     -1
         8  003_778152_2394_trajB.rkf          38     -1
         9  003_778152_2394_trajB.rkf          37     -1
        10  003_778152_2394_trajB.rkf          36     -1
        11  003_778152_2394_trajB.rkf          35     -1
        12  003_778152_2394_trajB.rkf          34     -1
        13  003_778152_2394_trajB.rkf          33     -1
        14  003_778152_2394_trajB.rkf          32     -1
        15  003_778152_2394_trajB.rkf          31     -1
        16  003_778152_2394_trajB.rkf          30     -1
        17  003_778152_2394_trajB.rkf          29     -1
        18  003_778152_2394_trajB.rkf          28     -1
        19  003_778152_2394_trajB.rkf          27     -1
        20  003_778152_2394_trajB.rkf          26     -1
        21  003_778152_2394_trajB.rkf          25     -1
        22  003_778152_2394_trajB.rkf          24     -1
        23  003_778152_2394_trajB.rkf          23     -1
        24  003_778152_2394_trajB.rkf          22     -1
        25  003_778152_2394_trajB.rkf          21     -1
        26  003_778152_2394_trajB.rkf          20     -1
        27  003_778152_2394_trajB.rkf          19     -1
        28  003_778152_2394_trajB.rkf          18     -1
        29  003_778152_2394_trajB.rkf          17     -1
        30  003_778152_2394_trajB.rkf          16     -1
        31  003_778152_2394_trajB.rkf          15     -1
        32  003_778152_2394_trajB.rkf          14     -1
        33  003_778152_2394_trajB.rkf          13     -1
        34  003_778152_2394_trajB.rkf          12     -1
        35  003_778152_2394_trajB.rkf          11     -1
        36  003_778152_2394_trajB.rkf          10     -1
        37  003_778152_2394_trajB.rkf           9     -1
        38  003_778152_2394_trajB.rkf           8     -1
        39  003_778152_2394_trajB.rkf           7     -1
        40  003_778152_2394_trajB.rkf           6     -1
        41  003_778152_2394_trajB.rkf           5     -1
        42  003_778152_2394_trajB.rkf           4     -1
        43  003_778152_2394_trajB.rkf           3     -1
        44  003_778152_2394_trajB.rkf           2     -1
        45  003_778152_2394_trajB.rkf           1     -1
        46  003_778152_2394_trajB.rkf           0     -1
        47  003_778152_2392_trajB.rkf           4     -1
        48  003_778152_2392_trajB.rkf           3     -1
        49  003_778152_2392_trajB.rkf           2     -1
        50  003_778152_2392_trajB.rkf           1     -1
        51  003_778152_2392_trajB.rkf           0     -1
        52  003_778152_2393_trajF.rkf           1      1
        53  003_778152_2393_trajF.rkf           2      1
        54  003_778152_2395_trajF.rkf           0      1
        55  003_778152_2395_trajF.rkf           1      1
        56  003_778152_2395_trajF.rkf           2      1
        57  003_778152_2395_trajF.rkf           3      1
        58  003_778152_2395_trajF.rkf           4      1
        59  003_778152_2395_trajF.rkf           5      1
        60  003_778152_2395_trajF.rkf           6      1
        61  003_778152_2395_trajF.rkf           7      1
        62  003_778152_2395_trajF.rkf           8      1
        63  003_778152_2395_trajF.rkf           9      1
