# Cycle: 2940, status: ACC, move: None
#     Time      Potential        Kinetic
         0 -289826.219993    2975.837724            nan            nan
         1 -289907.694376    3057.260747            nan            nan
         2 -289818.608188    2968.217412            nan            nan
         3 -289802.347042    2952.250885            nan            nan
         4 -289736.061540    2885.712336            nan            nan
         5 -289769.631510    2919.391391            nan            nan
         6 -289751.743032    2901.608320            nan            nan
         7 -289803.833023    2953.381953            nan            nan
         8 -289860.427815    3009.731108            nan            nan
         9 -289867.067260    3016.280262            nan            nan
        10 -289934.074128    3083.348500            nan            nan
        11 -289878.209234    3027.747608            nan            nan
        12 -289877.645340    3027.039292            nan            nan
        13 -289845.600559    2995.244551            nan            nan
        14 -289867.844429    3017.336624            nan            nan
        15 -289763.065215    2912.742385            nan            nan
        16 -289742.163945    2891.782059            nan            nan
        17 -289931.759847    3081.004713            nan            nan
        18 -289882.713758    3032.271058            nan            nan
        19 -289747.228018    2896.935186            nan            nan
        20 -289762.284162    2912.053668            nan            nan
        21 -289791.482213    2941.053233            nan            nan
        22 -289964.939755    3114.124180            nan            nan
        23 -289855.730579    3004.933872            nan            nan
        24 -289879.184841    3028.565384            nan            nan
        25 -290005.652730    3154.705287            nan            nan
        26 -289906.864524    3056.052808            nan            nan
        27 -289820.396413    2969.897512            nan            nan
        28 -289893.830699    3043.856620            nan            nan
        29 -289947.365625    3097.115192            nan            nan
        30 -289902.845804    3052.424493            nan            nan
