# Cycle: 2814, status: ACC, move: ('wf', 9000, 2, 37)
#     Time      Potential        Kinetic
         0 -289793.163957    2983.809920            nan            nan
         1 -289730.796511    2921.486717            nan            nan
         2 -289833.563007    3024.244704            nan            nan
         3 -289958.405580    3148.939006            nan            nan
         4 -289849.000155    3039.714392            nan            nan
         5 -289832.371617    3023.142274            nan            nan
         6 -289881.091687    3071.705102            nan            nan
         7 -289783.717317    2974.216064            nan            nan
         8 -289737.327315    2928.109286            nan            nan
         9 -289882.109342    3072.493434            nan            nan
        10 -289877.671770    3067.912812            nan            nan
        11 -289755.266869    2945.873950            nan            nan
        12 -289861.784062    3052.059901            nan            nan
        13 -289856.676687    3047.179987            nan            nan
        14 -289859.146799    3049.781995            nan            nan
        15 -289791.214259    2981.822081            nan            nan
        16 -289809.175894    2999.556742            nan            nan
        17 -289657.862661    2848.555918            nan            nan
        18 -289638.474814    2829.041337            nan            nan
        19 -289760.181981    2950.648682            nan            nan
        20 -289804.046374    2994.522717            nan            nan
        21 -289801.404842    2991.802077            nan            nan
        22 -289723.301983    2913.893964            nan            nan
        23 -289714.419744    2905.125549            nan            nan
        24 -289837.575230    3028.129328            nan            nan
        25 -289782.460959    2972.769947            nan            nan
        26 -289747.648066    2938.302270            nan            nan
        27 -289718.880731    2909.787433            nan            nan
        28 -289815.632537    3006.410254            nan            nan
        29 -289759.429245    2950.027807            nan            nan
        30 -289768.349267    2958.783760            nan            nan
        31 -289715.355734    2906.074832            nan            nan
        32 -289785.926761    2976.759734            nan            nan
        33 -289835.302745    3026.049211            nan            nan
        34 -289806.905819    2997.559102            nan            nan
        35 -289767.272578    2957.944582            nan            nan
        36 -289724.426545    2915.206118            nan            nan
