# Cycle: 2894, status: ACC, move: None
#     Time      Potential        Kinetic
         0 -289851.256964    3152.217399            nan            nan
         1 -289779.441399    3080.503739            nan            nan
         2 -289653.226414    2954.034420            nan            nan
         3 -289860.959157    3161.722012            nan            nan
         4 -289815.093269    3115.966180            nan            nan
         5 -289814.917475    3115.647712            nan            nan
         6 -289812.175608    3112.828900            nan            nan
         7 -289668.050200    2968.810222            nan            nan
         8 -289684.245981    2985.115098            nan            nan
         9 -289722.306641    3023.147848            nan            nan
        10 -289720.105831    3021.210219            nan            nan
        11 -289656.716342    2958.104549            nan            nan
        12 -289682.645763    2984.258243            nan            nan
        13 -289721.364455    3022.808512            nan            nan
        14 -289549.446593    2850.900128            nan            nan
        15 -289611.715017    2913.137733            nan            nan
        16 -289775.950975    3077.380995            nan            nan
        17 -289685.843224    2987.079379            nan            nan
        18 -289617.613952    2918.822901            nan            nan
