# Cycle: 2877, status: ACC, move: ('wf', 9000, 2, 64)
#     Time      Potential        Kinetic
         0 -289832.392634    2969.509001            nan            nan
         1 -289794.166403    2931.451580            nan            nan
         2 -289791.893639    2929.215984            nan            nan
         3 -289770.705768    2908.115623            nan            nan
         4 -289838.673280    2975.872713            nan            nan
         5 -289876.519566    3013.623013            nan            nan
         6 -289788.863269    2926.111472            nan            nan
         7 -289803.480198    2940.960655            nan            nan
         8 -289795.329543    2932.673375            nan            nan
         9 -289735.683663    2873.033437            nan            nan
        10 -289764.052078    2901.255075            nan            nan
        11 -289805.363831    2942.638805            nan            nan
        12 -289835.006749    2972.115951            nan            nan
        13 -289832.648498    2969.985050            nan            nan
        14 -289874.158667    3011.297823            nan            nan
        15 -289818.224092    2955.375453            nan            nan
        16 -289848.689813    2985.900079            nan            nan
        17 -289870.423269    3007.680796            nan            nan
        18 -289828.031112    2965.282463            nan            nan
        19 -289760.425467    2897.796063            nan            nan
        20 -289761.005496    2898.245961            nan            nan
        21 -289953.422868    3090.245635            nan            nan
        22 -290017.428510    3154.017284            nan            nan
        23 -289762.018755    2898.959629            nan            nan
        24 -289803.480874    2940.432116            nan            nan
        25 -289966.687437    3103.039426            nan            nan
        26 -289782.346105    2918.754809            nan            nan
        27 -289879.205139    3016.163469            nan            nan
        28 -289889.227515    3026.398054            nan            nan
        29 -289843.232786    2980.300654            nan            nan
        30 -289860.915649    2997.803860            nan            nan
        31 -289853.749726    2990.722281            nan            nan
        32 -289816.861311    2953.922824            nan            nan
        33 -289780.383509    2917.354814            nan            nan
        34 -289880.952322    3017.184331            nan            nan
        35 -289862.863500    2999.062066            nan            nan
        36 -289816.511226    2953.133542            nan            nan
        37 -289813.191077    2949.845442            nan            nan
        38 -289814.673552    2951.480590            nan            nan
        39 -289801.419204    2938.160833            nan            nan
        40 -289867.660945    3004.200616            nan            nan
        41 -289867.024193    3003.624741            nan            nan
        42 -289875.512646    3012.407019            nan            nan
        43 -289852.237090    2989.057118            nan            nan
        44 -289859.169844    2996.187485            nan            nan
        45 -289897.287279    3034.136551            nan            nan
        46 -289912.350252    3048.986982            nan            nan
        47 -289883.937644    3020.705874            nan            nan
        48 -289839.531939    2976.253876            nan            nan
        49 -289829.998339    2966.411116            nan            nan
        50 -289832.459658    2969.008601            nan            nan
        51 -289886.752682    3023.142274            nan            nan
        52 -289899.552202    3036.093084            nan            nan
        53 -289875.342429    3012.002120            nan            nan
        54 -289940.263814    3076.754860            nan            nan
        55 -289854.148653    2990.907740            nan            nan
        56 -289820.332550    2957.390102            nan            nan
        57 -289925.431509    3062.240625            nan            nan
        58 -289914.364433    3051.175459            nan            nan
        59 -289833.903324    2971.130147            nan            nan
        60 -289844.701341    2981.835446            nan            nan
        61 -289859.345827    2996.370523            nan            nan
        62 -289875.813846    3012.807086            nan            nan
        63 -289878.688903    3015.574460            nan            nan
