# Cycle: 2858, status: ACC, move: ('wf', 9000, 2, 30)
#     Time      Potential        Kinetic
         0 -290023.877145    3200.533756            nan            nan
         1 -289967.213724    3144.239883            nan            nan
         2 -289897.687511    3074.980738            nan            nan
         3 -289864.155995    3041.793385            nan            nan
         4 -289804.602346    2982.239564            nan            nan
         5 -289845.752779    3023.005239            nan            nan
         6 -289941.681539    3118.751717            nan            nan
         7 -289818.855573    2996.156027            nan            nan
         8 -289705.451238    2883.135335            nan            nan
         9 -289842.489453    3019.849214            nan            nan
        10 -289893.670308    3070.917601            nan            nan
        11 -289782.297606    2959.594535            nan            nan
        12 -289789.707452    2966.999397            nan            nan
        13 -289782.620155    2960.066145            nan            nan
        14 -289986.015457    3163.162488            nan            nan
        15 -290024.259941    3201.309284            nan            nan
        16 -289967.463847    3144.003793            nan            nan
        17 -289910.709205    3087.262078            nan            nan
        18 -289841.497853    3018.136566            nan            nan
        19 -289806.375805    2983.043937            nan            nan
        20 -289846.637890    3023.142274            nan            nan
        21 -289830.089520    3006.731729            nan            nan
        22 -289879.077607    3056.305211            nan            nan
        23 -289885.778813    3062.778298            nan            nan
        24 -289789.684004    2966.735804            nan            nan
        25 -289763.154816    2940.417219            nan            nan
        26 -289885.386059    3062.140123            nan            nan
        27 -289843.984914    3020.790877            nan            nan
        28 -289814.425891    2991.813253            nan            nan
        29 -289842.716624    3019.760116            nan            nan
