# Cycle: 2868, status: ACC, move: ('wf', 9000, 2, 110)
#     Time      Potential        Kinetic
         0 -289778.582014    3148.220931            nan            nan
         1 -289780.474784    3150.120798            nan            nan
         2 -289774.783625    3144.824861            nan            nan
         3 -289660.243582    3030.296042            nan            nan
         4 -289708.665160    3079.017714            nan            nan
         5 -289741.507078    3111.364410            nan            nan
         6 -289760.007476    3129.893537            nan            nan
         7 -289629.353956    2999.560021            nan            nan
         8 -289659.433738    3029.606259            nan            nan
         9 -289714.390974    3084.323033            nan            nan
        10 -289737.225960    3107.248079            nan            nan
        11 -289685.442075    3055.142277            nan            nan
        12 -289772.493332    3142.007226            nan            nan
        13 -289660.611443    3030.581180            nan            nan
        14 -289677.036355    3047.008771            nan            nan
        15 -289721.953511    3091.953766            nan            nan
        16 -289723.202475    3092.999540            nan            nan
        17 -289704.160422    3073.956307            nan            nan
        18 -289729.907292    3099.702105            nan            nan
        19 -289653.064503    3023.175911            nan            nan
        20 -289609.182607    2979.427563            nan            nan
        21 -289695.296612    3065.611980            nan            nan
        22 -289746.046985    3116.202044            nan            nan
        23 -289806.849549    3176.502390            nan            nan
        24 -289717.498189    3086.985890            nan            nan
        25 -289695.734406    3065.261339            nan            nan
        26 -289676.061736    3045.575696            nan            nan
        27 -289701.963372    3071.489346            nan            nan
        28 -289672.201253    3041.578441            nan            nan
        29 -289784.211407    3153.375373            nan            nan
        30 -289670.585987    3039.986322            nan            nan
        31 -289640.752080    3010.573946            nan            nan
        32 -289655.571772    3025.460330            nan            nan
        33 -289664.920893    3035.161028            nan            nan
        34 -289725.058906    3094.961435            nan            nan
        35 -289807.859117    3177.715175            nan            nan
        36 -289738.464364    3108.288077            nan            nan
        37 -289793.091554    3162.924922            nan            nan
        38 -289727.825846    3098.085443            nan            nan
        39 -289716.020591    3085.962598            nan            nan
        40 -289775.097523    3144.842678            nan            nan
        41 -289817.638169    3187.681180            nan            nan
        42 -289739.539530    3109.676207            nan            nan
        43 -289749.697149    3119.788956            nan            nan
        44 -289678.605375    3048.862626            nan            nan
        45 -289738.879380    3108.839330            nan            nan
        46 -289867.634811    3237.246643            nan            nan
        47 -289857.389082    3226.994194            nan            nan
        48 -289846.140610    3215.893014            nan            nan
        49 -289888.035501    3257.946288            nan            nan
        50 -289750.519166    3120.390095            nan            nan
        51 -289720.545700    3090.492496            nan            nan
        52 -289781.718431    3151.368095            nan            nan
        53 -289858.148883    3227.759304            nan            nan
        54 -289739.876469    3109.771310            nan            nan
        55 -289789.599219    3159.529069            nan            nan
        56 -289789.429948    3159.320743            nan            nan
        57 -289774.163165    3144.095814            nan            nan
        58 -289699.788751    3069.867486            nan            nan
        59 -289646.675787    3016.923651            nan            nan
        60 -289579.249682    2949.359268            nan            nan
        61 -289634.885311    3004.742850            nan            nan
        62 -289743.626929    3113.548846            nan            nan
        63 -289672.014284    3041.798876            nan            nan
        64 -289653.281249    3023.142274            nan            nan
        65 -289689.951294    3059.622839            nan            nan
        66 -289695.260377    3065.085437            nan            nan
        67 -289803.095654    3172.606411            nan            nan
        68 -289643.355249    3013.461446            nan            nan
        69 -289697.199587    3067.285461            nan            nan
        70 -289773.999435    3143.972244            nan            nan
        71 -289810.150950    3179.856986            nan            nan
        72 -289837.553840    3207.123968            nan            nan
        73 -289784.459033    3154.113825            nan            nan
        74 -289797.367294    3167.268867            nan            nan
        75 -289767.652694    3137.536438            nan            nan
        76 -289708.885784    3079.035825            nan            nan
        77 -289852.885732    3222.493508            nan            nan
        78 -289826.949039    3196.933305            nan            nan
        79 -289792.224741    3162.142910            nan            nan
        80 -289832.244760    3201.930852            nan            nan
        81 -289835.450084    3204.998820            nan            nan
        82 -289825.986268    3195.391279            nan            nan
        83 -289872.266812    3241.696594            nan            nan
        84 -289799.582918    3169.480744            nan            nan
        85 -289844.031860    3213.549776            nan            nan
        86 -289722.414512    3091.869758            nan            nan
        87 -289737.017703    3106.413949            nan            nan
        88 -289843.680634    3212.985557            nan            nan
        89 -289826.459828    3195.600156            nan            nan
        90 -289702.746335    3072.429272            nan            nan
        91 -289700.141867    3070.074774            nan            nan
        92 -289741.352377    3110.937964            nan            nan
        93 -289755.379551    3124.987643            nan            nan
        94 -289737.355829    3107.248426            nan            nan
        95 -289615.885998    2986.094441            nan            nan
        96 -289629.857961    2999.751583            nan            nan
        97 -289691.556944    3061.331005            nan            nan
        98 -289782.074650    3151.780004            nan            nan
        99 -289730.208009    3100.104056            nan            nan
       100 -289713.977614    3083.719094            nan            nan
       101 -289634.610025    3004.283378            nan            nan
       102 -289697.576680    3067.224884            nan            nan
       103 -289698.781245    3068.386216            nan            nan
       104 -289681.710864    3051.265753            nan            nan
       105 -289634.366483    3003.951142            nan            nan
       106 -289694.196172    3063.748776            nan            nan
       107 -289678.178160    3047.462806            nan            nan
       108 -289746.753297    3116.167127            nan            nan
       109 -289763.619949    3133.013853            nan            nan
