# Cycle: 2917, status: ACC, move: ('wf', 9000, 2, 15)
#     Time      Potential        Kinetic
         0 -289940.884623    3120.271706            nan            nan
         1 -289814.571044    2994.186674            nan            nan
         2 -289809.005244    2988.710187            nan            nan
         3 -289757.346097    2936.880950            nan            nan
         4 -289748.418144    2928.202676            nan            nan
         5 -289844.170064    3023.665846            nan            nan
         6 -289828.401596    3008.006173            nan            nan
         7 -289902.643979    3082.056221            nan            nan
         8 -289843.680504    3023.142274            nan            nan
         9 -289911.843770    3091.202723            nan            nan
        10 -289883.500571    3062.924670            nan            nan
        11 -289858.291583    3037.538213            nan            nan
        12 -289983.621222    3162.724549            nan            nan
        13 -289970.716751    3149.988308            nan            nan
        14 -289852.171622    3031.560284            nan            nan
