# Cycle: 2900, status: ACC, move: ('wf', 9000, 2, 20)
#     Time       Orderp
         0     0.302569
         1     0.311201
         2     0.320453
         3     0.329376
         4     0.336702
         5     0.343007
         6     0.348533
         7     0.352353
         8     0.354894
         9     0.355440
        10     0.355172
        11     0.353781
        12     0.352171
        13     0.348760
        14     0.344549
        15     0.338249
        16     0.330109
        17     0.321003
        18     0.313289
        19     0.308111
