# Cycle: 2791, status: ACC, move: ('wf', 9000, 2, 57)
#     Time      Potential        Kinetic
         0 -289991.428570    3057.889595            nan            nan
         1 -290007.032374    3073.344214            nan            nan
         2 -290020.218630    3086.656991            nan            nan
         3 -289897.297182    2964.094826            nan            nan
         4 -289942.247435    3008.743813            nan            nan
         5 -289979.477792    3045.953916            nan            nan
         6 -289964.267049    3030.833079            nan            nan
         7 -289939.906564    3006.723394            nan            nan
         8 -289743.660185    2810.770088            nan            nan
         9 -289741.231846    2808.355741            nan            nan
        10 -289875.943029    2942.849906            nan            nan
        11 -289842.239673    2908.991350            nan            nan
        12 -289847.212482    2913.862500            nan            nan
        13 -289984.594209    3050.855998            nan            nan
        14 -289921.578127    2988.045526            nan            nan
        15 -289801.864631    2868.629284            nan            nan
        16 -289944.446937    3010.855017            nan            nan
        17 -289984.343590    3050.922015            nan            nan
        18 -289896.690234    2963.574328            nan            nan
        19 -289942.139271    3008.648153            nan            nan
        20 -289927.393275    2993.874873            nan            nan
        21 -289980.779733    3047.314906            nan            nan
        22 -290025.431820    3091.773806            nan            nan
        23 -289977.300046    3043.895239            nan            nan
        24 -290139.664000    3206.247414            nan            nan
        25 -290135.750476    3202.345978            nan            nan
        26 -289978.455055    3045.229127            nan            nan
        27 -290043.944422    3110.596742            nan            nan
        28 -290083.056959    3149.547552            nan            nan
        29 -290087.530824    3154.178991            nan            nan
        30 -289967.374982    3034.412731            nan            nan
        31 -289930.009946    2996.921607            nan            nan
        32 -289967.100072    3034.082131            nan            nan
        33 -289973.378909    3040.224736            nan            nan
        34 -289969.747774    3036.358843            nan            nan
        35 -290035.182756    3101.999448            nan            nan
        36 -289978.675536    3045.292862            nan            nan
        37 -289959.244047    3025.938154            nan            nan
        38 -290000.734015    3067.477529            nan            nan
        39 -290006.858949    3073.568855            nan            nan
        40 -289897.362479    2964.385367            nan            nan
        41 -289963.910649    3030.454627            nan            nan
        42 -289969.224281    3035.852845            nan            nan
        43 -289950.167538    3017.102364            nan            nan
        44 -289956.414077    3023.142274            nan            nan
        45 -289932.840619    2999.872097            nan            nan
        46 -289984.717526    3051.568119            nan            nan
        47 -289971.595675    3038.267412            nan            nan
        48 -289917.421546    2984.226751            nan            nan
        49 -290017.777944    3084.617779            nan            nan
        50 -290001.067153    3067.968566            nan            nan
        51 -289819.807775    2886.689529            nan            nan
        52 -289881.982662    2948.755307            nan            nan
        53 -289889.649195    2956.798587            nan            nan
        54 -289850.824238    2918.067111            nan            nan
        55 -289861.523792    2928.445835            nan            nan
        56 -289995.882705    3062.505942            nan            nan
