# Cycle: 2791, status: ACC, move: ('wf', 9000, 2, 57)
#     Time       Orderp
         0     0.308053
         1     0.313849
         2     0.319256
         3     0.325592
         4     0.332876
         5     0.340210
         6     0.345398
         7     0.348470
         8     0.350133
         9     0.351626
        10     0.354450
        11     0.356629
        12     0.357256
        13     0.358000
        14     0.359024
        15     0.359318
        16     0.355735
        17     0.354230
        18     0.354404
        19     0.356850
        20     0.358724
        21     0.359868
        22     0.357381
        23     0.354822
        24     0.353101
        25     0.354778
        26     0.352559
        27     0.348669
        28     0.347436
        29     0.347417
        30     0.346616
        31     0.344519
        32     0.340616
        33     0.336019
        34     0.336092
        35     0.340094
        36     0.343383
        37     0.346074
        38     0.349478
        39     0.353850
        40     0.358477
        41     0.361796
        42     0.363923
        43     0.365280
        44     0.363700
        45     0.361707
        46     0.360825
        47     0.362301
        48     0.362247
        49     0.358263
        50     0.354639
        51     0.350377
        52     0.344079
        53     0.332590
        54     0.320251
        55     0.310271
        56     0.303683
