# Cycle: 2791, status: ACC
#     Step              Filename       index    vel
         0  013_778155_1909_trajB.rkf          39     -1
         1  013_778155_1909_trajB.rkf          38     -1
         2  013_778155_1909_trajB.rkf          37     -1
         3  013_778155_1909_trajB.rkf          36     -1
         4  013_778155_1909_trajB.rkf          35     -1
         5  013_778155_1909_trajB.rkf          34     -1
         6  013_778155_1909_trajB.rkf          33     -1
         7  013_778155_1909_trajB.rkf          32     -1
         8  013_778155_1909_trajB.rkf          31     -1
         9  013_778155_1909_trajB.rkf          30     -1
        10  013_778155_1909_trajB.rkf          29     -1
        11  013_778155_1909_trajB.rkf          28     -1
        12  013_778155_1909_trajB.rkf          27     -1
        13  013_778155_1909_trajB.rkf          26     -1
        14  013_778155_1909_trajB.rkf          25     -1
        15  013_778155_1909_trajB.rkf          24     -1
        16  013_778155_1909_trajB.rkf          23     -1
        17  013_778155_1909_trajB.rkf          22     -1
        18  013_778155_1909_trajB.rkf          21     -1
        19  013_778155_1909_trajB.rkf          20     -1
        20  013_778155_1909_trajB.rkf          19     -1
        21  013_778155_1909_trajB.rkf          18     -1
        22  013_778155_1909_trajB.rkf          17     -1
        23  013_778155_1909_trajB.rkf          16     -1
        24  013_778155_1909_trajB.rkf          15     -1
        25  013_778155_1909_trajB.rkf          14     -1
        26  013_778155_1909_trajB.rkf          13     -1
        27  013_778155_1909_trajB.rkf          12     -1
        28  013_778155_1909_trajB.rkf          11     -1
        29  013_778155_1909_trajB.rkf          10     -1
        30  013_778155_1909_trajB.rkf           9     -1
        31  013_778155_1909_trajB.rkf           8     -1
        32  013_778155_1909_trajB.rkf           7     -1
        33  013_778155_1909_trajB.rkf           6     -1
        34  013_778155_1909_trajB.rkf           5     -1
        35  013_778155_1909_trajB.rkf           4     -1
        36  013_778155_1909_trajB.rkf           3     -1
        37  013_778155_1909_trajB.rkf           2     -1
        38  013_778155_1909_trajB.rkf           1     -1
        39  013_778155_1909_trajB.rkf           0     -1
        40  013_778155_1907_trajB.rkf           4     -1
        41  013_778155_1907_trajB.rkf           3     -1
        42  013_778155_1907_trajB.rkf           2     -1
        43  013_778155_1907_trajB.rkf           1     -1
        44  013_778155_1907_trajB.rkf           0     -1
        45  013_778155_1908_trajF.rkf           1      1
        46  013_778155_1908_trajF.rkf           2      1
        47  013_778155_1908_trajF.rkf           3      1
        48  013_778155_1908_trajF.rkf           4      1
        49  013_778155_1908_trajF.rkf           5      1
        50  013_778155_1910_trajF.rkf           0      1
        51  013_778155_1910_trajF.rkf           1      1
        52  013_778155_1910_trajF.rkf           2      1
        53  013_778155_1910_trajF.rkf           3      1
        54  013_778155_1910_trajF.rkf           4      1
        55  013_778155_1910_trajF.rkf           5      1
        56  013_778155_1910_trajF.rkf           6      1
