# Cycle: 2900, status: ACC, move: ('wf', 9000, 2, 20)
#     Time      Potential        Kinetic
         0 -289878.001930    2997.280428            nan            nan
         1 -289988.431537    3107.512412            nan            nan
         2 -289849.731139    2969.144329            nan            nan
         3 -289876.216253    2995.591489            nan            nan
         4 -289735.792105    2855.505477            nan            nan
         5 -289743.246520    2863.183348            nan            nan
         6 -289867.218557    2986.637078            nan            nan
         7 -289860.077941    2979.480743            nan            nan
         8 -289938.301067    3057.709470            nan            nan
         9 -289903.584606    3023.142274            nan            nan
        10 -289886.022409    3005.759862            nan            nan
        11 -289792.452865    2912.172987            nan            nan
        12 -289804.766867    2924.264814            nan            nan
        13 -289855.649506    2975.448088            nan            nan
        14 -289875.047152    2994.658542            nan            nan
        15 -289873.441783    2992.975559            nan            nan
        16 -289827.141097    2946.870582            nan            nan
        17 -289885.321694    3005.027859            nan            nan
        18 -289853.599520    2973.342883            nan            nan
        19 -289826.222060    2946.120028            nan            nan
