# Cycle: 2940, status: ACC, move: None
#     Time      Potential        Kinetic
         0 -289786.920959    3048.336164            nan            nan
         1 -289761.621285    3023.140465            nan            nan
         2 -289759.916792    3021.260855            nan            nan
         3 -289832.753943    3093.876377            nan            nan
         4 -289866.104647    3127.038995            nan            nan
         5 -289832.630572    3093.838840            nan            nan
         6 -289836.248742    3097.666073            nan            nan
         7 -289756.664985    3018.136731            nan            nan
         8 -289706.909519    2968.487024            nan            nan
